4335 9820 4434 9853
0 8228 133 8250
1858 5242 1863 5284
2368 1117 2507 1125
2507 560 2508 578
6533 7709 6663 7899
6740 890 7016 1117
1468 5664 1725 5766
8296 7270 8382 7709
5710 578 5868 599
3244 2330 3397 2454
999 9298 1450 9319
8382 5025 8464 5242
3728 8160 3778 8225
6717 8510 6740 8675
3451 5527 3728 5664
4683 5284 4788 5388
9641 9853 10000 9867
1920 599 2225 890
5563 5939 5647 6472
7406 3458 7926 3509
2225 2454 2368 3048
8464 5388 8636 5478
4788 6472 5123 6632
1450 8675 1468 9289
3397 5478 3451 5527
7379 8033 7406 8160
943 8250 965 8406
5647 3509 5675 3800
3214 9319 3244 9820
5868 5935 6533 5939
7016 8225 7126 8228
5215 5766 5563 5935
5675 1125 5710 1486
4434 1486 4440 1993
133 4847 943 5022
5123 3800 5176 4055
4440 1993 4683 2330
9045 3048 9641 3224
8990 3224 9045 3277
5176 541 5215 560
8141 7899 8296 8033
1725 6928 1858 7270
3910 6632 4335 6875
7126 9289 7379 9298
3778 3277 3910 3458
8636 9867 8990 10000
7926 6875 8141 6928
2508 0 3214 541
965 5022 999 5025
6663 4055 6717 4847
1863 8406 1920 8510
